31 31
342 987
146
4 4
4 5
4 6
4 7
4 8
4 9
4 10
5 10
5 15
5 16
5 17
5 18
5 19
5 20
5 25
5 26
5 27
5 28
5 29
5 30
6 10
6 15
6 20
7 10
7 15
7 20
8 10
8 15
8 20
9 4
9 5
9 6
9 7
9 8
9 9
9 10
9 11
9 12
9 13
9 14
9 15
9 20
9 21
9 22
9 23
9 24
9 25
10 4
10 25
11 4
11 25
12 4
12 21
12 22
12 23
12 24
12 25
13 0
13 1
13 2
13 3
13 4
13 9
13 10
13 11
13 12
13 13
13 14
13 15
13 21
14 9
14 21
15 9
15 21
16 9
16 21
17 9
17 15
17 16
17 17
17 18
17 19
17 20
17 21
17 26
17 27
17 28
17 29
17 30
18 5
18 6
18 7
18 8
18 9
18 26
19 5
19 26
20 5
20 26
21 5
21 6
21 7
21 8
21 9
21 10
21 15
21 16
21 17
21 18
21 19
21 20
21 21
21 22
21 23
21 24
21 25
21 26
22 10
22 15
22 20
23 10
23 15
23 20
24 10
24 15
24 20
25 0
25 1
25 2
25 3
25 4
25 5
25 10
25 11
25 12
25 13
25 14
25 15
25 20
26 20
26 21
26 22
26 23
26 24
26 25
26 26
0
1
28 2 0
1
2 28 0
