25 25
325 234
41
2 6
2 18
3 7
3 10
3 14
3 17
4 11
4 13
7 8
7 16
10 11
10 13
12 2
12 5
12 11
12 13
12 19
12 22
15 3
15 5
15 19
15 21
16 9
16 15
17 4
17 20
18 11
18 13
19 6
19 10
19 11
19 13
19 14
19 18
23 8
23 9
23 12
23 15
23 16
24 10
24 14
30
0 0 100
0 1 100
0 2 100
0 3 100
0 21 100
0 22 100
0 23 100
0 24 100
1 0 100
1 24 100
2 0 100
2 12 100
2 24 100
3 12 100
4 12 100
12 12 50
13 12 50
14 12 50
15 12 50
18 12 100
19 12 100
20 12 100
21 12 100
22 12 100
23 0 100
23 24 100
24 0 100
24 1 100
24 23 100
24 24 100
3
5 3 0
13 8 0
23 2 0
3
5 21 0
13 16 0
23 22 0
