40 40
200 200
218
0 2
0 4
0 7
0 12
0 19
1 25
1 28
1 38
2 31
3 9
3 11
3 19
3 20
3 24
3 35
4 4
4 6
4 14
4 15
4 26
5 29
6 32
7 24
8 38
9 35
10 13
10 16
10 19
10 36
11 2
11 7
11 28
12 11
12 21
12 29
12 36
13 5
13 12
13 13
13 15
13 32
13 33
13 36
14 9
14 12
14 17
14 18
14 19
14 22
14 25
14 30
14 31
14 33
14 38
15 2
15 9
15 11
15 14
15 18
15 20
15 23
15 30
15 34
15 36
16 1
16 5
16 7
16 9
16 12
16 16
16 18
16 20
16 23
16 29
16 32
16 35
16 39
17 0
17 2
17 4
17 8
17 10
17 14
17 19
17 21
17 26
17 27
17 32
17 35
18 0
18 1
18 15
18 22
18 25
18 28
18 30
18 34
18 35
19 9
19 12
19 18
19 19
19 20
19 21
19 24
19 25
19 26
19 36
19 37
20 9
20 12
20 18
20 19
20 20
20 21
20 24
20 25
20 26
20 36
20 37
21 0
21 1
21 15
21 22
21 25
21 28
21 30
21 34
21 35
22 0
22 2
22 4
22 8
22 10
22 14
22 19
22 21
22 26
22 27
22 32
22 35
23 1
23 5
23 7
23 9
23 12
23 16
23 18
23 20
23 23
23 29
23 32
23 35
23 39
24 2
24 9
24 11
24 14
24 18
24 20
24 23
24 30
24 34
24 36
25 9
25 12
25 17
25 18
25 19
25 22
25 25
25 30
25 31
25 33
25 38
26 5
26 12
26 13
26 15
26 32
26 33
26 36
27 11
27 21
27 29
27 36
28 2
28 7
28 28
29 13
29 16
29 19
29 36
30 35
31 38
32 24
33 32
34 29
35 4
35 6
35 14
35 15
35 26
36 9
36 11
36 19
36 20
36 24
36 35
37 31
38 25
38 28
38 38
39 2
39 4
39 7
39 12
39 19
28
18 4 50
19 1 50
19 2 50
19 7 50
19 11 50
19 14 50
19 16 50
19 23 50
19 28 50
19 29 50
19 31 50
19 33 50
19 38 50
19 39 50
20 1 50
20 2 50
20 7 50
20 11 50
20 14 50
20 16 50
20 23 50
20 28 50
20 29 50
20 31 50
20 33 50
20 38 50
20 39 50
21 4 50
1
32 10 0
1
7 10 0
