35 35
130 130
154
4 7
5 7
5 8
5 9
5 10
5 11
5 12
5 13
5 14
5 15
5 16
5 17
5 18
5 19
5 20
5 21
5 22
5 23
5 24
5 25
5 26
5 27
5 28
5 29
5 30
5 31
5 32
5 33
5 34
9 12
9 13
10 13
11 0
11 1
11 2
11 3
11 4
11 5
11 6
11 7
11 8
11 9
11 10
11 11
11 12
11 13
11 14
11 15
11 16
11 17
11 18
11 19
11 20
11 21
11 22
11 23
11 24
11 25
11 26
11 27
11 28
11 29
16 21
17 0
17 1
17 2
17 3
17 4
17 5
17 6
17 7
17 8
17 9
17 10
17 11
17 12
17 13
17 21
17 22
17 23
17 24
17 25
17 26
17 27
17 28
17 29
17 30
17 31
17 32
17 33
17 34
18 13
23 5
23 6
23 7
23 8
23 9
23 10
23 11
23 12
23 13
23 14
23 15
23 16
23 17
23 18
23 19
23 20
23 21
23 22
23 23
23 24
23 25
23 26
23 27
23 28
23 29
23 30
23 31
23 32
23 33
23 34
24 21
25 21
25 22
29 0
29 1
29 2
29 3
29 4
29 5
29 6
29 7
29 8
29 9
29 10
29 11
29 12
29 13
29 14
29 15
29 16
29 17
29 18
29 19
29 20
29 21
29 22
29 23
29 24
29 25
29 26
29 27
30 27
91
1 24 20
1 25 20
1 26 20
1 27 20
1 28 20
1 29 20
1 30 20
2 24 20
2 30 20
3 24 20
3 25 20
3 26 20
3 27 20
3 28 20
3 29 20
3 30 20
7 2 20
7 3 20
7 4 20
8 2 20
8 3 20
8 4 20
8 31 20
8 32 20
8 33 20
9 32 20
10 32 20
11 32 20
14 15 20
14 16 50
14 17 50
14 18 50
14 19 50
15 15 20
15 16 50
15 17 50
15 18 50
15 19 50
16 15 20
16 16 50
16 17 50
16 18 50
16 19 50
17 15 20
17 16 50
17 17 50
17 18 50
17 19 20
18 15 50
18 16 50
18 17 50
18 18 50
18 19 20
19 15 50
19 16 50
19 17 50
19 18 50
19 19 20
20 15 50
20 16 50
20 17 50
20 18 50
20 19 20
23 2 20
24 2 20
25 2 20
26 1 20
26 2 20
26 3 20
26 30 20
26 31 20
26 32 20
27 30 20
27 31 20
27 32 20
31 4 20
31 5 20
31 6 20
31 7 20
31 8 20
31 9 20
31 10 20
32 4 20
32 10 20
33 4 20
33 5 20
33 6 20
33 7 20
33 8 20
33 9 20
33 10 20
1
2 27 0
1
32 7 0
